MGP
Compilation time: Sat Dec 28 23:06:36 2024
---------------------------------------------------------------------------------------------------------------
21
3
0
13
2
7
0
4
13
2
7
1
4
13
2
7
2
4
1
7
1
4
1
1
2
10
1
1
4
1
7
0
4
5
1
7
2
4
5
4
2
7
3
4
1
7
3
4
1
1
0
19
126
1
1
0
1
1
1
4
1
7
1
4
5
1
7
3
4
11
3
1
1
2
1
7
0
4
5
6
2
7
5
4
1
1
0
1
1
1
4
1
7
1
4
5
1
7
3
4
11
4
1
1
2
1
7
0
4
5
6
2
7
6
4
1
7
5
4
12
1
7
6
4
12
22
1
7
3
4
1
1
0
18
-1
1
1
0
1
1
1
4
1
7
1
4
5
1
7
3
4
11
3
1
1
2
1
7
0
4
5
6
2
7
5
4
1
7
5
4
12
22
22
